image: turtlebot_world_map.pgm
resolution: 0.010000
origin: [-41.760000, -43.360000, 0.000000]
negate: 0
occupied_thresh: 0.65
free_thresh: 0.196

